PWDR Al2O390_Si10.xy Al2 O3  Reflection List 
   h   k   l   m   d-space   2-theta       wid     Fo**2     Fc**2     Icorr      Prfo     Trans      ExtP      I100 
   1   0  -2   6   3.48219  25.55869   0.12147  1870.440  1787.236    41.355     1.000     1.000     1.000    65.165
   1   0   4   6   2.55248  35.12728   0.14046  5098.900  5072.959    21.683     1.000     1.000     1.000    93.139
   1   1   0   6   2.38101  37.74908   0.14592  2507.275  2363.877    18.733     1.000     1.000     1.000    39.569
   0   0   6   2   2.16648  41.65193   0.15430   206.541   190.828     5.115     1.000     1.000     1.000     0.890
   1   1   3  12   2.08671  43.32291   0.15798  4187.298  4104.570    28.348     1.000     1.000     1.000   100.000
   2   0   2   6   1.96547  46.14440   0.16433   125.810   136.492    12.485     1.000     1.000     1.000     1.323
   2   0  -4   6   1.74110  52.51345   0.17938  4883.751  4916.723     9.658     1.000     1.000     1.000    39.737
   1   1   6  12   1.60242  57.45951   0.19182  5558.080  5461.706    16.232     1.000     1.000     1.000    76.006
   2   1   1  12   1.54765  59.69456   0.19769   136.521   119.073    15.106     1.000     1.000     1.000     1.737
   2   1  -2  12   1.51576  61.08297   0.20142   204.543   206.750    14.475     1.000     1.000     1.000     2.494
   1   0  -8   6   1.51175  61.26209   0.20247   856.798   858.568     7.198     1.000     1.000     1.000     5.196
   2   1   4  12   1.40543  66.46716   0.26251  2396.813  2404.227    12.442     1.000     1.000     1.000    25.123
   3   0   0   6   1.37468  68.15492   0.27998  7430.061  7413.079     5.960     1.000     1.000     1.000    37.306
   2   1  -5  12   1.33686  70.36216   0.30208    72.599    62.572    11.306     1.000     1.000     1.000     0.691
   2   0   8   6   1.27624  74.24626   0.33987   241.831   210.517     5.197     1.000     1.000     1.000     1.059
   1   0  10   6   1.23976  76.82066   0.36463  2282.384  2178.047     4.945     1.000     1.000     1.000     9.508
   1   1   9  12   1.23488  77.17991   0.36809   565.675   526.700     9.825     1.000     1.000     1.000     4.682
   2   1   7  12   1.19389  80.35532   0.39877    41.860    35.403     9.311     1.000     1.000     1.000     0.328
   2   2   0   6   1.19051  80.63068   0.40144   994.590   878.977     4.636     1.000     1.000     1.000     3.884
PWDR Al2O390_Si10.xy Si  Reflection List 
   h   k   l   m   d-space   2-theta       wid     Fo**2     Fc**2     Icorr      Prfo     Trans      ExtP      I100 
   1   1   1   8   3.13656  28.43119   0.12703  3900.643  3235.649     6.092     1.000     1.000     1.000   100.000
   2   2   0  12   1.92075  47.28343   0.16695  2892.086  3532.050     3.260     1.000     1.000     1.000    39.684
   3   1   1  24   1.63802  56.09885   0.18832  2507.621  1350.738     4.660     1.000     1.000     1.000    49.178
   2   2   2   8   1.56828  58.83139   0.19540     0.000     0.000     1.419     1.000     1.000     1.000     0.000
   4   0   0   6   1.35817  69.09961   0.28952  1937.671  1812.735     0.799     1.000     1.000     1.000     6.512
   3   3   1  24   1.24634  76.34153   0.36002   673.680   722.179     2.736     1.000     1.000     1.000     7.757
