PWDR CoO25C.RAW Bank 1 Co3 O4  Reflection List 
   h   k   l   m   d-space   2-theta       wid     Fo**2     Fc**2     Icorr      Prfo     Trans      ExtP      I100 
   2   2   2   8   4.67007  22.08458   0.14494  9584.857  4174.416     1.591     1.000     1.000     1.000    19.033
   2   2   0  12   2.85982  36.45257   0.18531 37940.303 25814.151     0.820     1.000     1.000     1.000    38.805
   3   1   1  24   2.43886  43.03132   0.20772 70670.331 65016.770     1.134     1.000     1.000     1.000   100.000
   2   2   2   8   2.33503  45.04714   0.21505 17592.741 15457.033     0.341     1.000     1.000     1.000     7.485
   4   0   0   6   2.02220  52.50438   0.24402 96480.437 87218.900     0.181     1.000     1.000     1.000    21.742
   3   3   1  24   1.85570  57.63352   0.26571   281.255   708.332     0.584     1.000     1.000     1.000     0.205
   4   2   2  24   1.65112  65.60323   0.30258 16237.224 15444.595     0.439     1.000     1.000     1.000     8.892
   3   3   3   8   1.55669  70.14230   0.32549 41064.348 34611.770     0.127     1.000     1.000     1.000     6.521
   5   1   1  24   1.55669  70.14230   0.32549 57471.473 48440.793     0.382     1.000     1.000     1.000    27.378
   4   4   0  12   1.42991  77.44329   0.36572219852.803203371.562     0.159     1.000     1.000     1.000    43.519
   5   3   1  48   1.36726  81.71841   0.39151  6952.156  1409.900     0.583     1.000     1.000     1.000     5.060
   4   4   2  24   1.34813  83.13200   0.40044   145.154     4.091     0.285     1.000     1.000     1.000     0.052
   6   2   0  24   1.27895  88.75321   0.43821  9869.226 10404.337     0.265     1.000     1.000     1.000     3.259
   5   3   3  24   1.23353  92.95827   0.46911 31675.893 28767.542     0.256     1.000     1.000     1.000    10.123
   6   2   2  24   1.21943  94.36239   0.48000 17492.588 11118.456     0.254     1.000     1.000     1.000     5.552
PWDR CoO25C.RAW Bank 1 Co O  Reflection List 
   h   k   l   m   d-space   2-theta       wid     Fo**2     Fc**2     Icorr      Prfo     Trans      ExtP      I100 
   1   1   1   8   2.46303  42.58835   0.20614  3404.965  2845.663    11.541     1.000     1.000     1.000    72.090
   2   0   0   6   2.13305  49.58540   0.23232  8882.647  8466.182     6.137     1.000     1.000     1.000   100.000
   2   2   0  12   1.50829  72.74458   0.33932  5428.366  5452.230     5.300     1.000     1.000     1.000    52.782
   3   1   1  24   1.28628  88.11629   0.43374  1648.090  1544.558     7.948     1.000     1.000     1.000    24.030
   2   2   2   8   1.23152  93.15568   0.47062  4819.675  3858.120     2.544     1.000     1.000     1.000    22.493
